1.491200
200.400719
0.503987
208.352423
2.732868
223.727909
1.870532
348.602809
3.277770
455.853447
2.602711
458.847105
1.236615
214.677017
2.191901
204.959524
5.160433
190.767108
2.198808
192.716906
1.248816
230.305075
2.620130
287.012396
3.300819
337.228505
1.894694
352.462532
2.760470
338.284023
0.533224
0.533224
1.521399
3.517855
3.619405
3.619405
2.658903
3.978049
1.743399
4.533174
3.810425
445.537314
1.004547
444.062485
3.238675
400.944585
1.932331
336.636479
5.882408
383.697798
1.924468
412.544465
3.224599
470.283254
0.989338
620.703624
3.790476
624.429536
1.717109
464.944275
2.630235
216.892577
189.426302
200.036245
