165.306251
207.712525
165.174483
206.575609
169.224354
216.067778
1000.000000
0.000000
1000.000000
0.000000
1000.000000
0.000000
1000.000000
0.000000
1000.000000
0.000000
1000.000000
0.000000
1000.000000
0.000000
1000.000000
0.000000
1000.000000
0.000000
1000.000000
0.000000
1000.000000
0.000000
1000.000000
0.000000
1000.000000
0.000000
56.510475
231.338348
44.956444
238.914769
41.036401
238.161135
41.137441
129.624603
42.104018
337.064773
44.522812
365.317665
48.596880
756.951194
55.341844
761.381948
64.498708
679.380127
81.660933
951.040354
105.755813
968.542930
132.044379
529.748793
155.543323
394.978073
202.970539
303.373898
182.646118
255.733847
169.602352
226.321551
