7.210359
16.252724
6.458085
14.318531
5.904115
13.110668
6.436183
13.099893
6.369941
13.434154
6.612704
13.812309
7.502915
14.733747
8.089836
16.927445
9.785134
19.864021
11.918567
23.774063
14.592514
27.890011
19.431114
31.716769
24.540067
38.753214
30.313387
58.774120
40.421915
139.870621
72.213544
146.305590
56.036295
126.384779
51.622415
142.222104
76.860612
140.953801
65.412273
205.357420
63.871698
207.272700
129.091473
162.779384
138.366946
148.623573
134.923916
144.792489
53.383095
186.109798
34.469457
189.965252
25.780432
180.546736
19.508253
131.818537
14.510447
27.958214
11.951424
23.100280
9.752948
20.407164
8.296842
17.980592
