44.582774
53.638435
43.970744
51.737627
44.534528
52.500854
46.271759
57.497286
50.326694
66.718685
57.501082
110.053203
71.747618
108.867989
96.876381
113.161106
106.809012
122.022586
115.055939
130.973485
123.985103
154.561280
48.350902
190.477552
43.249055
206.643002
40.163425
195.484523
38.622800
46.773808
38.497151
45.767543
38.632147
46.772273
39.810878
48.477884
42.443143
167.565360
46.388912
169.328948
52.616472
169.646036
89.794815
115.233390
85.930192
96.900349
86.782783
95.112776
87.942431
95.898301
90.022619
98.155649
91.081895
167.969631
99.558804
172.192993
160.517906
183.263490
69.997986
183.404880
54.036154
113.818363
47.767840
61.976705
