329.783778
338.358925
330.374859
348.552762
342.811355
379.344147
371.756223
1214.883975
428.500276
1174.594779
526.664697
970.706018
687.966948
782.710449
695.310425
712.310082
696.541657
713.661359
694.838734
743.229250
735.283681
996.737547
811.502555
1165.735670
381.974155
1242.566629
287.138007
1167.119347
275.511811
992.196819
275.036943
307.720472
300.559994
333.813377
326.847579
362.633592
356.601036
994.538463
391.479657
1019.211981
565.391269
677.630376
556.248438
575.997098
569.701498
591.249917
584.348679
615.865969
609.305293
644.677358
637.710996
704.720021
697.730722
1114.088506
1000.000000
1101.910422
472.053951
1026.958248
387.981566
847.985674
347.951253
395.097604
332.387364
353.982631
