1000.000000
0.000000
1000.000000
0.000000
1000.000000
0.000000
1000.000000
0.000000
1000.000000
0.000000
1000.000000
0.000000
1000.000000
0.000000
18.827411
21.809700
15.719040
42.867481
13.255378
44.576296
12.645579
48.405312
9.639745
55.084552
8.132053
67.130883
6.880108
90.506541
6.398335
145.220520
5.843313
258.185544
6.808077
260.035241
6.924790
270.387269
7.180217
284.025715
8.047430
284.271728
9.271825
233.070483
10.731838
54.322586
18.978946
52.083815
21.114052
51.196747
28.358674
47.453907
1000.000000
0.000000
1000.000000
0.000000
1000.000000
0.000000
1000.000000
0.000000
1000.000000
0.000000
1000.000000
0.000000
1000.000000
0.000000
