23.595330
36.677320
28.717950
44.265136
35.068047
53.829806
44.888869
126.258617
56.659150
151.983645
68.791872
143.444092
107.939215
125.722660
100.818117
114.006489
87.676469
107.782301
84.774643
94.846025
86.118665
118.986517
61.720977
122.919836
59.323709
114.841597
60.971961
95.799807
69.489460
81.951215
66.864452
75.524428
66.468966
72.780582
66.695251
74.142742
66.769141
82.170278
53.456311
91.874312
41.323001
103.167535
32.632563
110.926849
27.091057
113.213333
22.867081
110.316939
19.792806
106.162214
18.303299
108.772358
17.443231
106.808240
17.306701
99.781813
17.167245
24.309686
18.065815
25.014985
18.696687
26.983964
20.355705
30.758989
