1000.000000
0.000000
1000.000000
0.000000
107.445957
124.445891
84.011660
130.557237
76.881237
142.949350
70.548412
208.228843
68.255509
199.755187
55.599334
180.900985
21.377373
169.034171
15.805558
166.488637
13.275069
172.502679
11.650217
175.941332
10.129654
182.795935
9.621878
221.170558
9.620351
300.560717
10.125305
298.880918
11.047681
295.770842
12.166425
299.964276
13.872047
303.394824
18.260976
292.967886
27.511366
106.382891
1000.000000
0.000000
1000.000000
0.000000
1000.000000
0.000000
1000.000000
0.000000
1000.000000
0.000000
1000.000000
0.000000
1000.000000
0.000000
1000.000000
0.000000
1000.000000
0.000000
1000.000000
0.000000
1000.000000
0.000000
