109.191967
285.973667
245.934874
274.150293
254.320221
332.959296
247.752179
332.130479
189.383214
256.196867
166.679054
201.552650
154.822053
176.502671
132.627843
160.564183
114.378159
143.573294
101.240637
121.537165
94.879388
107.857793
94.387785
103.185800
96.011057
246.631313
112.454046
279.853202
150.967493
287.464603
146.364571
285.984710
160.967248
286.653753
221.378982
289.169639
279.314215
289.079637
277.484581
290.672287
252.479400
283.745895
218.968481
259.655649
194.699113
225.674223
175.934407
201.686573
156.777337
183.897428
143.005760
163.939667
131.474603
150.572836
124.992118
138.252186
123.212242
136.249708
116.562284
130.087268
111.735674
123.267901
108.400978
118.439922
