1000.000000
0.000000
1000.000000
0.000000
1000.000000
0.000000
1000.000000
0.000000
1000.000000
0.000000
10.981355
12.692811
13.159038
20.079260
14.712979
25.320172
18.162843
27.195574
20.336737
30.180815
23.179233
34.953573
27.845168
41.266847
32.682889
51.858747
41.233066
78.264904
62.146662
127.426396
124.937507
266.182658
148.570474
612.262739
343.570720
630.978108
489.153495
684.318947
206.625776
922.114939
180.239852
927.018170
29.367001
511.490872
19.770634
177.426985
14.991193
170.727059
11.871120
160.563245
10.092198
19.981640
8.460236
17.003642
7.162312
12.466640
7.054304
9.189762
6.404830
7.808267
6.383180
6.744356
6.164709
6.164709
