86.698463
261.680685
100.981949
333.671570
130.232767
496.541968
188.930584
480.165337
1000.000000
0.000000
1000.000000
0.000000
1000.000000
0.000000
1000.000000
0.000000
1000.000000
0.000000
1000.000000
0.000000
54.722389
285.228935
34.073063
175.074972
25.514101
139.191547
19.907326
306.544864
18.362631
302.201496
16.725484
192.686637
15.558800
147.258645
14.642769
124.195809
14.316643
111.729180
15.223107
105.487720
15.686856
137.954717
17.223037
159.623710
19.578097
180.727509
23.541281
224.745117
31.713575
326.130157
47.921043
350.607704
64.914595
476.748670
66.992141
585.515599
70.753200
619.608758
71.164390
199.330092
72.505831
208.452340
75.600599
227.572104
