24.840947
39.968818
31.016875
54.110884
41.760119
77.948082
62.302029
316.676272
111.136347
360.238229
283.231641
343.510393
242.291986
301.113408
208.771642
270.082563
204.358228
215.639219
190.505214
210.805248
176.005814
197.406713
164.764165
354.075176
157.108903
352.977501
230.412895
294.797805
204.102628
238.001378
194.191721
210.134504
193.203577
201.131233
195.125307
203.065003
195.737411
204.297064
197.640592
208.722173
201.920939
218.456007
46.066854
238.008113
32.982359
283.210209
25.567232
266.779739
21.442569
204.328529
18.984313
268.869721
18.131676
331.289765
17.186565
372.503031
17.095364
373.512340
18.072216
298.546290
18.771039
28.078790
21.484387
32.975632
