4.416091
10.412854
3.446314
10.712787
4.673130
11.362222
9.566308
12.305949
9.179580
16.323150
6.535885
17.910374
4.792057
19.654068
3.605932
19.351730
4.601183
18.653124
3.634532
19.410496
3.926436
20.918787
3.041178
23.635377
3.668220
29.262394
3.047573
39.278145
3.936341
47.878784
4.640444
64.938181
6.616626
97.061340
7.734253
343.312996
11.140181
355.032292
314.787251
349.788028
13.509718
402.880938
5.126290
403.654410
3.773581
308.994480
3.468837
285.621454
4.433690
246.548383
2.448243
16.589929
3.690349
15.392881
2.790487
14.452091
1.988707
14.028009
2.783501
13.375883
3.679782
11.722571
2.432287
10.673476
