19.739722
370.497385
19.845497
405.978420
20.645048
486.086546
22.620474
599.345503
26.081549
518.521036
33.295174
173.101347
45.988826
233.106262
54.374669
261.222027
78.337241
228.085191
1000.000000
0.000000
1000.000000
0.000000
1000.000000
0.000000
1000.000000
0.000000
1000.000000
0.000000
1000.000000
0.000000
1000.000000
0.000000
1000.000000
0.000000
1000.000000
0.000000
1000.000000
0.000000
1000.000000
0.000000
1000.000000
0.000000
1000.000000
0.000000
1000.000000
0.000000
1000.000000
0.000000
1000.000000
0.000000
99.207268
112.808613
46.365711
358.189212
34.627866
359.531193
26.020493
512.059057
22.574929
549.230432
20.928490
492.748286
19.836066
280.137795
