9.999744
20.029221
11.068474
23.852491
14.653620
32.813222
19.403614
117.521078
32.886499
137.817105
102.719880
144.262096
108.221891
144.392736
94.914796
118.370911
81.543150
100.789478
71.258348
88.954565
68.351962
136.351861
62.160527
138.275022
58.352769
109.654377
74.905629
90.854954
70.349214
82.495152
67.425015
77.740197
62.190175
75.381935
60.800766
68.694687
59.777951
67.568360
60.246380
70.832681
63.656496
87.803380
12.199629
99.850435
9.125312
95.842609
8.671531
91.059198
7.611479
118.122976
6.901871
129.428310
7.252440
137.415132
6.880192
137.002400
6.787945
13.856445
6.986799
14.194343
7.859861
15.674720
9.124458
17.180662
