4.625289
10.636552
4.798383
10.864151
5.162912
11.871113
5.682151
13.483949
6.318071
16.258585
7.821789
22.039960
10.395861
32.758281
15.995656
57.696002
37.490238
79.658699
71.696993
82.862309
56.814194
81.070047
47.496950
68.460137
44.543625
55.161055
44.702062
54.202352
47.443483
399.168428
56.780102
369.031583
199.172139
357.534333
180.924864
205.532581
171.544573
187.535433
165.655243
177.842263
164.098949
171.920294
164.292021
222.257710
169.432814
224.667784
209.053807
224.801747
26.812187
297.065751
16.095509
307.933523
9.834261
267.205033
7.321627
122.128473
6.575515
16.539712
5.338517
13.714474
4.912326
11.602221
4.664989
10.948693
