33.726890
220.051633
31.477657
223.076306
31.032928
247.584582
32.019064
270.779583
36.056020
270.494848
96.561174
202.602220
100.587502
196.316889
105.389336
190.550591
111.639789
186.965600
121.756710
187.303381
134.033187
193.046869
150.158982
254.736844
142.337466
276.286878
142.472368
199.323036
150.658043
170.361423
1000.000000
0.000000
1000.000000
0.000000
1000.000000
0.000000
1000.000000
0.000000
1000.000000
0.000000
1000.000000
0.000000
1000.000000
0.000000
1000.000000
0.000000
1000.000000
0.000000
1000.000000
0.000000
1000.000000
0.000000
143.784163
176.431711
125.562416
180.860480
50.102670
203.490817
45.781348
214.406134
46.594946
219.763584
38.852827
220.103799
